# Blender 4.2.3 LTS
# www.blender.org
mtllib disc.mtl
o cube1
v 2.469670 4.221255 -2.500000
v 2.469670 4.221255 0.000000
v 3.176777 4.928362 -2.500000
v 3.176777 4.928362 0.000000
v 2.823223 3.867702 -2.500000
v 2.823223 3.867702 0.000000
v 3.530330 4.574809 -2.500000
v 3.530330 4.574809 0.000000
vn -0.7071 0.7071 -0.0000
vn 0.7071 0.7071 -0.0000
vn 0.7071 -0.7071 -0.0000
vn -0.7071 -0.7071 -0.0000
vn -0.0000 -0.0000 -1.0000
vn -0.0000 -0.0000 1.0000
vt 0.000000 1.000000
vt 0.000000 0.000000
vt 1.000000 0.000000
vt 1.000000 1.000000
s 0
usemtl white
f 1/1/1 2/2/1 4/3/1 3/4/1
f 3/1/2 4/2/2 8/3/2 7/4/2
f 7/1/3 8/2/3 6/3/3 5/4/3
f 5/1/4 6/2/4 2/3/4 1/4/4
f 3/2/5 7/3/5 5/4/5 1/1/5
f 8/4/6 4/1/6 2/2/6 6/3/6
o cube2
v 1.663494 4.630020 -2.084000
v 1.663494 4.630020 0.000000
v 2.163494 5.496045 -2.084000
v 2.163494 5.496045 0.000000
v 2.096506 4.380019 -2.084000
v 2.096506 4.380019 0.000000
v 2.596507 5.246045 -2.084000
v 2.596507 5.246045 0.000000
vn -0.8660 0.5000 -0.0000
vn 0.5000 0.8660 -0.0000
vn 0.8660 -0.5000 -0.0000
vn -0.5000 -0.8660 -0.0000
vn -0.0000 -0.0000 -1.0000
vn -0.0000 -0.0000 1.0000
vt 0.000000 1.000000
vt 0.000000 0.000000
vt 1.000000 0.000000
vt 1.000000 1.000000
s 0
usemtl green
f 9/5/7 10/6/7 12/7/7 11/8/7
f 11/5/8 12/6/8 16/7/8 15/8/8
f 15/5/9 16/6/9 14/7/9 13/8/9
f 13/5/10 14/6/10 10/7/10 9/8/10
f 11/6/11 15/7/11 13/8/11 9/5/11
f 16/8/12 12/5/12 10/6/12 14/7/12
o cube3
v 0.867709 4.778074 -1.736000
v 0.867709 4.778074 0.000000
v 1.126528 5.744000 -1.736000
v 1.126528 5.744000 0.000000
v 1.350672 4.648665 -1.736000
v 1.350672 4.648665 0.000000
v 1.609491 5.614591 -1.736000
v 1.609491 5.614591 0.000000
vn -0.9659 0.2588 -0.0000
vn 0.2588 0.9659 -0.0000
vn 0.9659 -0.2588 -0.0000
vn -0.2588 -0.9659 -0.0000
vn -0.0000 -0.0000 -1.0000
vn -0.0000 -0.0000 1.0000
vt 0.000000 1.000000
vt 0.000000 0.000000
vt 1.000000 0.000000
vt 1.000000 1.000000
s 0
usemtl green
f 17/9/13 18/10/13 20/11/13 19/12/13
f 19/9/14 20/10/14 24/11/14 23/12/14
f 23/9/15 24/10/15 22/11/15 21/12/15
f 21/9/16 22/10/16 18/11/16 17/12/16
f 19/10/17 23/11/17 21/12/17 17/9/17
f 24/12/18 20/9/18 18/10/18 22/11/18
o cube4
v 0.046000 4.715935 -1.446000
v 0.046000 4.715935 0.000000
v 0.046000 5.715935 -1.446000
v 0.046000 5.715935 0.000000
v 0.546000 4.715935 -1.446000
v 0.546000 4.715935 0.000000
v 0.546000 5.715935 -1.446000
v 0.546000 5.715935 0.000000
vn -1.0000 -0.0000 -0.0000
vn -0.0000 1.0000 -0.0000
vn 1.0000 -0.0000 -0.0000
vn -0.0000 -1.0000 -0.0000
vn -0.0000 -0.0000 -1.0000
vn -0.0000 -0.0000 1.0000
vt 0.000000 1.000000
vt 0.000000 0.000000
vt 1.000000 0.000000
vt 1.000000 1.000000
s 0
usemtl green
f 25/13/19 26/14/19 28/15/19 27/16/19
f 27/13/20 28/14/20 32/15/20 31/16/20
f 31/13/21 32/14/21 30/15/21 29/16/21
f 29/13/22 30/14/22 26/15/22 25/16/22
f 27/14/23 31/15/23 29/16/23 25/13/23
f 32/16/24 28/13/24 26/14/24 30/15/24
o cube5
v -0.586072 4.483065 -1.206000
v -0.586072 4.483065 0.000000
v -0.844891 5.448990 -1.206000
v -0.844891 5.448990 0.000000
v -0.103109 4.612474 -1.206000
v -0.103109 4.612474 0.000000
v -0.361928 5.578400 -1.206000
v -0.361928 5.578400 0.000000
vn -0.9659 -0.2588 -0.0000
vn -0.2588 0.9659 -0.0000
vn 0.9659 0.2588 -0.0000
vn 0.2588 -0.9659 -0.0000
vn -0.0000 -0.0000 -1.0000
vn -0.0000 -0.0000 1.0000
vt 0.000000 1.000000
vt 0.000000 0.000000
vt 1.000000 0.000000
vt 1.000000 1.000000
s 0
usemtl green
f 33/17/25 34/18/25 36/19/25 35/20/25
f 35/17/26 36/18/26 40/19/26 39/20/26
f 39/17/27 40/18/27 38/19/27 37/20/27
f 37/17/28 38/18/28 34/19/28 33/20/28
f 35/18/29 39/19/29 37/20/29 33/17/29
f 40/20/30 36/17/30 34/18/30 38/19/30
o cube6
v -1.188506 3.891820 -1.004000
v -1.188506 3.891820 0.000000
v -1.688506 4.757845 -1.004000
v -1.688506 4.757845 0.000000
v -0.755494 4.141820 -1.004000
v -0.755494 4.141820 0.000000
v -1.255494 5.007845 -1.004000
v -1.255494 5.007845 0.000000
vn -0.8660 -0.5000 -0.0000
vn -0.5000 0.8660 -0.0000
vn 0.8660 0.5000 -0.0000
vn 0.5000 -0.8660 -0.0000
vn -0.0000 -0.0000 -1.0000
vn -0.0000 -0.0000 1.0000
vt 0.000000 1.000000
vt 0.000000 0.000000
vt 1.000000 0.000000
vt 1.000000 1.000000
s 0
usemtl green
f 41/21/31 42/22/31 44/23/31 43/24/31
f 43/21/32 44/22/32 48/23/32 47/24/32
f 47/21/33 48/22/33 46/23/33 45/24/33
f 45/21/34 46/22/34 42/23/34 41/24/34
f 43/22/35 47/23/35 45/24/35 41/21/35
f 48/24/36 44/21/36 42/22/36 46/23/36
o cube7
v -1.573223 3.264802 -0.836000
v -1.573223 3.264802 0.000000
v -2.280330 3.971909 -0.836000
v -2.280330 3.971909 0.000000
v -1.219670 3.618356 -0.836000
v -1.219670 3.618356 0.000000
v -1.926777 4.325462 -0.836000
v -1.926777 4.325462 0.000000
vn -0.7071 -0.7071 -0.0000
vn -0.7071 0.7071 -0.0000
vn 0.7071 0.7071 -0.0000
vn 0.7071 -0.7071 -0.0000
vn -0.0000 -0.0000 -1.0000
vn -0.0000 -0.0000 1.0000
vt 0.000000 1.000000
vt 0.000000 0.000000
vt 1.000000 0.000000
vt 1.000000 1.000000
s 0
usemtl green
f 49/25/37 50/26/37 52/27/37 51/28/37
f 51/25/38 52/26/38 56/27/38 55/28/38
f 55/25/39 56/26/39 54/27/39 53/28/39
f 53/25/40 54/26/40 50/27/40 49/28/40
f 51/26/41 55/27/41 53/28/41 49/25/41
f 56/28/42 52/25/42 50/26/42 54/27/42
o cube8
v -1.873387 2.508226 -0.696000
v -1.873387 2.508226 0.000000
v -2.739413 3.008226 -0.696000
v -2.739413 3.008226 0.000000
v -1.623387 2.941239 -0.696000
v -1.623387 2.941239 0.000000
v -2.489413 3.441239 -0.696000
v -2.489413 3.441239 0.000000
vn -0.5000 -0.8660 -0.0000
vn -0.8660 0.5000 -0.0000
vn 0.5000 0.8660 -0.0000
vn 0.8660 -0.5000 -0.0000
vn -0.0000 -0.0000 -1.0000
vn -0.0000 -0.0000 1.0000
vt 0.000000 1.000000
vt 0.000000 0.000000
vt 1.000000 0.000000
vt 1.000000 1.000000
s 0
usemtl green
f 57/29/43 58/30/43 60/31/43 59/32/43
f 59/29/44 60/30/44 64/31/44 63/32/44
f 63/29/45 64/30/45 62/31/45 61/32/45
f 61/29/46 62/30/46 58/31/46 57/32/46
f 59/30/47 63/31/47 61/32/47 57/29/47
f 64/32/48 60/29/48 58/30/48 62/31/48
o cube9
v -1.979942 1.830541 -0.582000
v -1.979942 1.830541 0.000000
v -2.945868 2.089360 -0.582000
v -2.945868 2.089360 0.000000
v -1.850532 2.313504 -0.582000
v -1.850532 2.313504 0.000000
v -2.816458 2.572323 -0.582000
v -2.816458 2.572323 0.000000
vn -0.2588 -0.9659 -0.0000
vn -0.9659 0.2588 -0.0000
vn 0.2588 0.9659 -0.0000
vn 0.9659 -0.2588 -0.0000
vn -0.0000 -0.0000 -1.0000
vn -0.0000 -0.0000 1.0000
vt 0.000000 1.000000
vt 0.000000 0.000000
vt 1.000000 0.000000
vt 1.000000 1.000000
s 0
usemtl green
f 65/33/49 66/34/49 68/35/49 67/36/49
f 67/33/50 68/34/50 72/35/50 71/36/50
f 71/33/51 72/34/51 70/35/51 69/36/51
f 69/33/52 70/34/52 66/35/52 65/36/52
f 67/34/53 71/35/53 69/36/53 65/33/53
f 72/36/54 68/33/54 66/34/54 70/35/54
o cube10
v -1.833900 1.006732 -0.484000
v -1.833900 1.006732 0.000000
v -2.833900 1.006732 -0.484000
v -2.833900 1.006732 0.000000
v -1.833900 1.506732 -0.484000
v -1.833900 1.506732 0.000000
v -2.833900 1.506732 -0.484000
v -2.833900 1.506732 0.000000
vn -0.0000 -1.0000 -0.0000
vn -1.0000 -0.0000 -0.0000
vn -0.0000 1.0000 -0.0000
vn 1.0000 -0.0000 -0.0000
vn -0.0000 -0.0000 -1.0000
vn -0.0000 -0.0000 1.0000
vt 0.000000 1.000000
vt 0.000000 0.000000
vt 1.000000 0.000000
vt 1.000000 1.000000
s 0
usemtl green
f 73/37/55 74/38/55 76/39/55 75/40/55
f 75/37/56 76/38/56 80/39/56 79/40/56
f 79/37/57 80/38/57 78/39/57 77/40/57
f 77/37/58 78/38/58 74/39/58 73/40/58
f 75/38/59 79/39/59 77/40/59 73/37/59
f 80/40/60 76/37/60 74/38/60 78/39/60
o cube11
v -1.538332 0.303360 -0.404000
v -1.538332 0.303360 0.000000
v -2.504258 0.044541 -0.404000
v -2.504258 0.044541 0.000000
v -1.667742 0.786323 -0.404000
v -1.667742 0.786323 0.000000
v -2.633668 0.527504 -0.404000
v -2.633668 0.527504 0.000000
vn 0.2588 -0.9659 -0.0000
vn -0.9659 -0.2588 -0.0000
vn -0.2588 0.9659 -0.0000
vn 0.9659 0.2588 -0.0000
vn -0.0000 -0.0000 -1.0000
vn -0.0000 -0.0000 1.0000
vt 0.000000 1.000000
vt 0.000000 0.000000
vt 1.000000 0.000000
vt 1.000000 1.000000
s 0
usemtl green
f 81/41/61 82/42/61 84/43/61 83/44/61
f 83/41/62 84/42/62 88/43/62 87/44/62
f 87/41/63 88/42/63 86/43/63 85/44/63
f 85/41/64 86/42/64 82/43/64 81/44/64
f 83/42/65 87/43/65 85/44/65 81/41/65
f 88/44/66 84/41/66 82/42/66 86/43/66
o cube12
v 1.550646 -0.307908 -0.404000
v 1.550646 -0.307908 -0.000000
v 2.516718 -0.049636 -0.404000
v 2.516718 -0.049636 -0.000000
v 1.679781 -0.790944 -0.404000
v 1.679781 -0.790944 -0.000000
v 2.645854 -0.532673 -0.404000
v 2.645854 -0.532673 -0.000000
vn -0.2583 0.9661 -0.0000
vn 0.9661 0.2583 -0.0000
vn 0.2583 -0.9661 -0.0000
vn -0.9661 -0.2583 -0.0000
vn -0.0000 -0.0000 -1.0000
vn -0.0000 -0.0000 1.0000
vt 0.000000 1.000000
vt 0.000000 0.000000
vt 1.000000 0.000000
vt 1.000000 1.000000
s 0
usemtl blue
f 89/45/67 90/46/67 92/47/67 91/48/67
f 91/45/68 92/46/68 96/47/68 95/48/68
f 95/45/69 96/46/69 94/47/69 93/48/69
f 93/45/70 94/46/70 90/47/70 89/48/70
f 91/46/71 95/47/71 93/48/71 89/45/71
f 96/48/72 92/45/72 90/46/72 94/47/72
o cube13
v 1.845814 -1.011447 -0.484000
v 1.845814 -1.011447 -0.000000
v 2.845814 -1.012014 -0.484000
v 2.845814 -1.012014 -0.000000
v 1.845531 -1.511447 -0.484000
v 1.845531 -1.511447 -0.000000
v 2.845531 -1.512014 -0.484000
v 2.845531 -1.512014 -0.000000
vn 0.0006 1.0000 -0.0000
vn 1.0000 -0.0006 -0.0000
vn -0.0006 -1.0000 -0.0000
vn -1.0000 0.0006 -0.0000
vn -0.0000 -0.0000 -1.0000
vn -0.0000 -0.0000 1.0000
vt 0.000000 1.000000
vt 0.000000 0.000000
vt 1.000000 0.000000
vt 1.000000 1.000000
s 0
usemtl blue
f 97/49/73 98/50/73 100/51/73 99/52/73
f 99/49/74 100/50/74 104/51/74 103/52/74
f 103/49/75 104/50/75 102/51/75 101/52/75
f 101/49/76 102/50/76 98/51/76 97/52/76
f 99/50/77 103/51/77 101/52/77 97/49/77
f 104/52/78 100/49/78 98/50/78 102/51/78
o cube14
v 1.991389 -1.835339 -0.582000
v 1.991389 -1.835339 -0.000000
v 2.957168 -2.094706 -0.582000
v 2.957168 -2.094706 -0.000000
v 1.861706 -2.318228 -0.582000
v 1.861706 -2.318228 -0.000000
v 2.827485 -2.577595 -0.582000
v 2.827485 -2.577595 -0.000000
vn 0.2594 0.9658 -0.0000
vn 0.9658 -0.2594 -0.0000
vn -0.2594 -0.9658 -0.0000
vn -0.9658 0.2594 -0.0000
vn -0.0000 -0.0000 -1.0000
vn -0.0000 -0.0000 1.0000
vt 0.000000 1.000000
vt 0.000000 0.000000
vt 1.000000 0.000000
vt 1.000000 1.000000
s 0
usemtl blue
f 105/53/79 106/54/79 108/55/79 107/56/79
f 107/53/80 108/54/80 112/55/80 111/56/80
f 111/53/81 112/54/81 110/55/81 109/56/81
f 109/53/82 110/54/82 106/55/82 105/56/82
f 107/54/83 111/55/83 109/56/83 105/53/83
f 112/56/84 108/53/84 106/54/84 110/55/84
o cube15
v 1.884450 -2.512963 -0.696000
v 1.884450 -2.512963 0.000000
v 2.750192 -3.013454 -0.696000
v 2.750192 -3.013454 0.000000
v 1.634204 -2.945834 -0.696000
v 1.634204 -2.945834 0.000000
v 2.499946 -3.446325 -0.696000
v 2.499946 -3.446325 0.000000
vn 0.5005 0.8657 -0.0000
vn 0.8657 -0.5005 -0.0000
vn -0.5005 -0.8657 -0.0000
vn -0.8657 0.5005 -0.0000
vn -0.0000 -0.0000 -1.0000
vn -0.0000 -0.0000 1.0000
vt 0.000000 1.000000
vt 0.000000 0.000000
vt 1.000000 0.000000
vt 1.000000 1.000000
s 0
usemtl blue
f 113/57/85 114/58/85 116/59/85 115/60/85
f 115/57/86 116/58/86 120/59/86 119/60/86
f 119/57/87 120/58/87 118/59/87 117/60/87
f 117/57/88 118/58/88 114/59/88 113/60/88
f 115/58/89 119/59/89 117/60/89 113/57/89
f 120/60/90 116/57/90 114/58/90 118/59/90
o cube16
v 1.583857 -3.269369 -0.836000
v 1.583857 -3.269369 -0.000000
v 2.290562 -3.976877 -0.836000
v 2.290562 -3.976877 -0.000000
v 1.230103 -3.622722 -0.836000
v 1.230103 -3.622722 -0.000000
v 1.936809 -4.330230 -0.836000
v 1.936809 -4.330230 -0.000000
vn 0.7075 0.7067 -0.0000
vn 0.7067 -0.7075 -0.0000
vn -0.7075 -0.7067 -0.0000
vn -0.7067 0.7075 -0.0000
vn -0.0000 -0.0000 -1.0000
vn -0.0000 -0.0000 1.0000
vt 0.000000 1.000000
vt 0.000000 0.000000
vt 1.000000 0.000000
vt 1.000000 1.000000
s 0
usemtl blue
f 121/61/91 122/62/91 124/63/91 123/64/91
f 123/61/92 124/62/92 128/63/92 127/64/92
f 127/61/93 128/62/93 126/63/93 125/64/93
f 125/61/94 126/62/94 122/63/94 121/64/94
f 123/62/95 127/63/95 125/64/95 121/61/95
f 128/64/96 124/61/96 122/62/96 126/63/96
o cube17
v 1.198784 -3.896168 -1.004000
v 1.198784 -3.896168 0.000000
v 1.698293 -4.762477 -1.004000
v 1.698293 -4.762477 0.000000
v 0.765629 -4.145923 -1.004000
v 0.765629 -4.145923 0.000000
v 1.265138 -5.012231 -1.004000
v 1.265138 -5.012231 0.000000
vn 0.8663 0.4995 -0.0000
vn 0.4995 -0.8663 -0.0000
vn -0.8663 -0.4995 -0.0000
vn -0.4995 0.8663 -0.0000
vn -0.0000 -0.0000 -1.0000
vn -0.0000 -0.0000 1.0000
vt 0.000000 1.000000
vt 0.000000 0.000000
vt 1.000000 0.000000
vt 1.000000 1.000000
s 0
usemtl blue
f 129/65/97 130/66/97 132/67/97 131/68/97
f 131/65/98 132/66/98 136/67/98 135/68/98
f 135/65/99 136/66/99 134/67/99 133/68/99
f 133/65/100 134/66/100 130/67/100 129/68/100
f 131/66/101 135/67/101 133/68/101 129/65/101
f 136/68/102 132/65/102 130/66/102 134/67/102
o cube18
v 0.596014 -4.487071 -1.206000
v 0.596014 -4.487071 0.000000
v 0.854286 -5.453144 -1.206000
v 0.854286 -5.453144 0.000000
v 0.112978 -4.616207 -1.206000
v 0.112978 -4.616207 0.000000
v 0.371249 -5.582279 -1.206000
v 0.371249 -5.582279 0.000000
vn 0.9661 0.2583 -0.0000
vn 0.2583 -0.9661 -0.0000
vn -0.9661 -0.2583 -0.0000
vn -0.2583 0.9661 -0.0000
vn -0.0000 -0.0000 -1.0000
vn -0.0000 -0.0000 1.0000
vt 0.000000 1.000000
vt 0.000000 0.000000
vt 1.000000 0.000000
vt 1.000000 1.000000
s 0
usemtl blue
f 137/69/103 138/70/103 140/71/103 139/72/103
f 139/69/104 140/70/104 144/71/104 143/72/104
f 143/69/105 144/70/105 142/71/105 141/72/105
f 141/69/106 142/70/106 138/71/106 137/72/106
f 139/70/107 143/71/107 141/72/107 137/69/107
f 144/72/108 140/69/108 138/70/108 142/71/108
o cube19
v -0.036189 -4.719584 -1.446000
v -0.036189 -4.719584 0.000000
v -0.036757 -5.719583 -1.446000
v -0.036757 -5.719583 0.000000
v -0.536189 -4.719300 -1.446000
v -0.536189 -4.719300 0.000000
v -0.536757 -5.719299 -1.446000
v -0.536757 -5.719299 0.000000
vn 1.0000 -0.0006 -0.0000
vn -0.0006 -1.0000 -0.0000
vn -1.0000 0.0006 -0.0000
vn 0.0006 1.0000 -0.0000
vn -0.0000 -0.0000 -1.0000
vn -0.0000 -0.0000 1.0000
vt 0.000000 1.000000
vt 0.000000 0.000000
vt 1.000000 0.000000
vt 1.000000 1.000000
s 0
usemtl blue
f 145/73/109 146/74/109 148/75/109 147/76/109
f 147/73/110 148/74/110 152/75/110 151/76/110
f 151/73/111 152/74/111 150/75/111 149/76/111
f 149/73/112 150/74/112 146/75/112 145/76/112
f 147/74/113 151/75/113 149/76/113 145/73/113
f 152/76/114 148/73/114 146/74/114 150/75/114
o cube20
v -0.857934 -4.781256 -1.736000
v -0.857934 -4.781256 0.000000
v -1.117301 -5.747035 -1.736000
v -1.117301 -5.747035 0.000000
v -1.340823 -4.651572 -1.736000
v -1.340823 -4.651572 0.000000
v -1.600190 -5.617352 -1.736000
v -1.600190 -5.617352 0.000000
vn 0.9658 -0.2594 -0.0000
vn -0.2594 -0.9658 -0.0000
vn -0.9658 0.2594 -0.0000
vn 0.2594 0.9658 -0.0000
vn -0.0000 -0.0000 -1.0000
vn -0.0000 -0.0000 1.0000
vt 0.000000 1.000000
vt 0.000000 0.000000
vt 1.000000 0.000000
vt 1.000000 1.000000
s 0
usemtl blue
f 153/77/115 154/78/115 156/79/115 155/80/115
f 155/77/116 156/78/116 160/79/116 159/80/116
f 159/77/117 160/78/117 158/79/117 157/80/117
f 157/77/118 158/78/118 154/79/118 153/80/118
f 155/78/119 159/79/119 157/80/119 153/77/119
f 160/80/120 156/77/120 154/78/120 158/79/120
o cube21
v -1.653634 -4.632750 -2.084000
v -1.653634 -4.632750 0.000000
v -2.154125 -5.498491 -2.084000
v -2.154125 -5.498491 0.000000
v -2.086505 -4.382504 -2.084000
v -2.086505 -4.382504 0.000000
v -2.586996 -5.248246 -2.084000
v -2.586996 -5.248246 0.000000
vn 0.8657 -0.5005 -0.0000
vn -0.5005 -0.8657 -0.0000
vn -0.8657 0.5005 -0.0000
vn 0.5005 0.8657 -0.0000
vn -0.0000 -0.0000 -1.0000
vn -0.0000 -0.0000 1.0000
vt 0.000000 1.000000
vt 0.000000 0.000000
vt 1.000000 0.000000
vt 1.000000 1.000000
s 0
usemtl blue
f 161/81/121 162/82/121 164/83/121 163/84/121
f 163/81/122 164/82/122 168/83/122 167/84/122
f 167/81/123 168/82/123 166/83/123 165/84/123
f 165/81/124 166/82/124 162/83/124 161/84/124
f 163/82/125 167/83/125 165/84/125 161/81/125
f 168/84/126 164/81/126 162/82/126 166/83/126
o cube22
v -2.459579 -4.223529 -2.500000
v -2.459579 -4.223529 0.000000
v -3.167087 -4.930234 -2.500000
v -3.167087 -4.930234 0.000000
v -2.812932 -3.869775 -2.500000
v -2.812932 -3.869775 0.000000
v -3.520439 -4.576481 -2.500000
v -3.520439 -4.576481 0.000000
vn 0.7067 -0.7075 -0.0000
vn -0.7075 -0.7067 -0.0000
vn -0.7067 0.7075 -0.0000
vn 0.7075 0.7067 -0.0000
vn -0.0000 -0.0000 -1.0000
vn -0.0000 -0.0000 1.0000
vt 0.000000 1.000000
vt 0.000000 0.000000
vt 1.000000 0.000000
vt 1.000000 1.000000
s 0
usemtl white
f 169/85/127 170/86/127 172/87/127 171/88/127
f 171/85/128 172/86/128 176/87/128 175/88/128
f 175/85/129 176/86/129 174/87/129 173/88/129
f 173/85/130 174/86/130 170/87/130 169/88/130
f 171/86/131 175/87/131 173/88/131 169/85/131
f 176/88/132 172/85/132 170/86/132 174/87/132
o å¹³é¢
v -7.000000 -7.000000 0.000000
v 7.000000 -7.000000 0.000000
v -7.000000 7.000000 0.000000
v 7.000000 7.000000 0.000000
vn -0.0000 -0.0000 -1.0000
vt 1.000000 0.000000
vt 1.000000 1.000000
vt 0.000000 1.000000
vt 0.000000 0.000000
s 0
usemtl disc_mtl
f 177/89/133 179/90/133 180/91/133 178/92/133
